Opening device /dev/spidev0.1
spisetup successfully
lcd init over!
00:00:426: [0;37m<MSG>: [0;0m[0;37mopen log file success![0;0m
00:00:426: [0;37m<MSG>: [0;0m[0;37m[sensor] comm I/O on /dev/ttyACM0[0;0m
00:00:426: [0;37m<MSG>: [0;0m[0;37m[sensor] video input from 0[0;0m
00:04:447: [0;37m<MSG>: [0;0m[0;37m[senosr] video ready[0;0m
00:04:447: [0;37m<MSG>: [0;0m[0;37m[senosr] IMU input from UART[0;0m
00:04:448: [0;37m<MSG>: [0;0m[0;37mOpening /dev/ttyACM0 [0;0m
00:04:449: [0;33m<WARN>: [0;0m[0;33m[sensor] Input image will not be flipped[0;0m
00:04:449: [0;37m<MSG>: [0;0m[0;37m[senosr] IMU ready[0;0m
00:04:449: [0;37m<MSG>: [0;0m[0;37m[sensor] ready[0;0m
Resolution: 1024x768, FPS: 30
00:04:907: <MSG>: 
0.0750969
0
-0.000784872
0
-1.26464
0
00:04:922: <MSG>: 
0.0751536
0.0750969
-0.000824953
-0.000784872
-1.26313
-1.26464
00:04:952: <MSG>: 
0.0751608
0.0751512
-0.00083583
-0.00081897
-1.26272
-1.26336
00:04:975: <MSG>: 
0.0751501
0.0751653
-0.000810747
-0.000831255
-1.26367
-1.2629
00:04:992: <MSG>: 
0.0753921
0.0751567
-0.000867458
-0.000810314
-1.26632
-1.26369
00:05:010: <MSG>: 
0.0754467
0.0753928
-0.000966044
-0.000862192
-1.2645
-1.26652
00:05:034: <MSG>: 
0.075284
0.0755076
-0.00086791
-0.000975727
-1.26485
-1.26537
00:05:061: <MSG>: 
0.0752302
0.0753795
-0.000831319
-0.000915074
-1.26469
-1.26527
00:05:079: <MSG>: 
0.0753863
0.0752644
-0.00130234
-0.00084957
-1.26497
-1.26509
00:05:096: <MSG>: 
0.0752641
0.075364
-0.00103062
-0.00128936
-1.26485
-1.26501
00:05:199: <MSG>: 
0.0751941
0.0752727
-0.000598804
-0.00112035
-1.26482
-1.26486
00:05:206: <MSG>: 
0.0750902
0.0750941
-0.000848687
-0.000831806
-1.26467
-1.26465
00:05:319: <MSG>: 
0.0756115
0.0750598
-0.00121878
-0.00077268
-1.26739
-1.26463
00:05:359: <MSG>: 
0.0749377
0.0753792
-0.000733881
-0.000682178
-1.26403
-1.26718
00:05:392: <MSG>: 
0.0750435
0.0751599
-0.000746495
-0.000769787
-1.26543
-1.26554
00:05:418: <MSG>: 
0.0750348
0.0750013
-0.000765772
-0.000793139
-1.26505
-1.26508
00:05:441: <MSG>: 
0.0751324
0.0749428
-0.000777769
-0.000800527
-1.26522
-1.26467
00:05:462: <MSG>: 
0.074999
0.0750614
-0.000785794
-0.000798613
-1.26481
-1.26485
00:05:486: <MSG>: 
0.0750848
0.0750035
-0.000785151
-0.000795092
-1.26506
-1.26469
00:05:505: <MSG>: 
0.0752949
0.0750668
-0.000749698
-0.000791041
-1.26641
-1.26491
00:05:521: <MSG>: 
0.0751848
0.075304
-0.00120397
-0.000751343
-1.26571
-1.2664
00:05:533: <MSG>: 
0.0753575
0.0752522
-0.000975347
-0.00119482
-1.26665
-1.26609
00:05:542: <MSG>: 
0.0752945
0.0753827
-0.000944096
-0.00105012
-1.26604
-1.26679
00:05:574: <MSG>: 
0.0751246
0.0753355
-0.000910305
-0.00097665
-1.26585
-1.26627
00:05:601: <MSG>: 
0.0750906
0.0751455
-0.000840547
-0.000922089
-1.26552
-1.26593
00:05:643: <MSG>: 
0.0748512
0.0750546
-0.00082683
-0.000852981
-1.26536
-1.26561
00:05:671: <MSG>: 
0.0751571
0.0748067
-0.00145876
-0.000801018
-1.26729
-1.26525
00:05:701: <MSG>: 
0.0747585
0.0749223
-0.000910733
-0.00139064
-1.26549
-1.26689
00:05:743: <MSG>: 
0.0747359
0.0747629
-0.000888024
-0.00111007
-1.26541
-1.26601
00:05:769: <MSG>: 
0.0751958
0.0746637
-0.00105179
-0.000922237
-1.26705
-1.26543
00:05:803: <MSG>: 
0.0749216
0.0750779
-0.00102551
-0.000954042
-1.26534
-1.26669
00:05:836: <MSG>: 
0.0751965
0.0751083
-0.000800328
-0.00101324
-1.26736
-1.2659
00:05:880: <MSG>: 
0.0747149
0.0752882
-0.000852323
-0.000823481
-1.26552
-1.26722
00:05:901: <MSG>: 
0.0749285
0.0748659
-0.000973624
-0.000763446
-1.26719
-1.26615
00:05:933: <MSG>: 
0.0748025
0.0747723
-0.000774966
-0.000900873
-1.26703
-1.26691
00:05:977: <MSG>: 
0.0813913
0.0747228
-0.000848505
-0.000800441
-1.26533
-1.2672
00:06:002: <MSG>: 
0.0898614
0.081293
-0.00103381
-0.000821463
-1.26044
-1.26564
00:06:039: <MSG>: 
0.103622
0.0945457
-0.00136827
-0.00102954
-1.25507
-1.25953
00:06:079: <MSG>: 
0.0899021
0.107594
-0.00169768
-0.00142232
-1.25095
-1.25338
00:06:101: <MSG>: 
0.0802858
0.104878
-0.0020391
-0.00203839
-1.25728
-1.24418
00:06:142: <MSG>: 
0.0786547
0.0846355
-0.00178901
-0.00261937
-1.25918
-1.24791
00:06:177: <MSG>: 
0.0861285
0.0750698
-0.0013338
-0.0019576
-1.2607
-1.25904
00:06:201: <MSG>: 
0.0765543
0.0686336
-0.00178717
-0.00131777
-1.26449
-1.2687
00:06:238: <MSG>: 
0.0728101
0.0697538
-0.00130109
-0.0014258
-1.26739
-1.27137
00:06:269: <MSG>: 
0.0730152
0.0714639
-0.00178288
-0.00124353
-1.26715
-1.26985
00:06:303: <MSG>: 
0.0723761
0.0719712
-0.00164724
-0.00156104
-1.26883
-1.27017
00:06:335: <MSG>: 
0.0725261
0.0723925
-0.00105426
-0.00175536
-1.26778
-1.26967
00:06:371: <MSG>: 
0.0719369
0.0726978
-0.00148648
-0.0011738
-1.26913
-1.26793
00:06:406: <MSG>: 
0.0721834
0.0722067
-0.00134789
-0.00129803
-1.26955
-1.26841
00:06:438: <MSG>: 
0.0719969
0.0720828
-0.00105277
-0.00130141
-1.26586
-1.26937
00:06:480: <MSG>: 
0.0711262
0.0718793
-0.00113121
-0.00103187
-1.26904
-1.2663
00:06:501: <MSG>: 
0.0719961
0.0709838
-0.000844474
-0.000995092
-1.2676
-1.26775
00:06:544: <MSG>: 
0.0734182
0.0713568
-0.0014155
-0.00073145
-1.26588
-1.26763
00:06:570: <MSG>: 
0.0734913
0.0734024
-0.00154375
-0.00130344
-1.26704
-1.26585
00:06:610: <MSG>: 
0.0732251
0.0748365
-0.00106567
-0.00178112
-1.2666
-1.2658
00:06:634: <MSG>: 
0.073014
0.0740644
-0.00124183
-0.00130241
-1.26656
-1.26633
00:06:676: <MSG>: 
0.0731883
0.0733249
-0.001336
-0.00116496
-1.26685
-1.26664
00:06:702: <MSG>: 
0.0723957
0.0730167
-0.00179589
-0.00127806
-1.26667
-1.26696
00:06:737: <MSG>: 
0.0739906
0.0719173
-0.00224954
-0.0017894
-1.26709
-1.26707
00:06:768: <MSG>: 
0.0735915
0.0734871
-0.00256829
-0.0024464
-1.2652
-1.2672
00:06:801: <MSG>: 
0.0736168
0.0740906
-0.00312257
-0.0031769
-1.26752
-1.26539
00:06:843: <MSG>: 
0.0726253
0.0741735
-0.0033307
-0.00379816
-1.26542
-1.26648
00:06:880: <MSG>: 
0.0696224
0.0727512
-0.00241952
-0.00362865
-1.26492
-1.26554
00:06:902: <MSG>: 
0.0729547
0.0688915
-0.00307343
-0.00278659
-1.26887
-1.26448
00:06:945: <MSG>: 
0.0710648
0.0704336
-0.00335498
-0.0026901
-1.26724
-1.2681
00:06:974: <MSG>: 
0.066952
0.0709767
-0.00295091
-0.00324375
-1.26672
-1.26814
00:07:008: <MSG>: 
0.068459
0.0671794
-0.00293502
-0.00315019
-1.26908
-1.26812
00:07:041: <MSG>: 
0.0717581
0.0667375
-0.00323692
-0.00293933
-1.26903
-1.26941
00:07:071: <MSG>: 
0.0720982
0.0705007
-0.00408053
-0.00312994
-1.26755
-1.26989
00:07:102: <MSG>: 
0.0762052
0.0735121
0.000293657
-0.00412961
-1.26911
-1.26827
00:07:133: <MSG>: 
0.0852716
0.0785428
0.00484652
-0.000287538
-1.26389
-1.26854
00:07:170: <MSG>: 
0.0933436
0.087374
0.0113125
0.00587885
-1.25112
-1.26383
00:07:206: <MSG>: 
0.0954488
0.101136
0.0134012
0.0162023
-1.24755
-1.24831
00:07:235: <MSG>: 
0.102264
0.106096
0.0174872
0.0210063
-1.26143
-1.23793
00:07:276: <MSG>: 
0.104145
0.11214
0.0226234
0.0254264
-1.24085
-1.24837
00:07:305: <MSG>: 
0.090943
0.106441
0.0218526
0.0243738
-1.25384
-1.24184
00:07:339: <MSG>: 
0.0918268
0.0925256
0.0230481
0.0257578
-1.25881
-1.25118
00:07:369: <MSG>: 
0.0904298
0.0870785
0.019615
0.0238512
-1.2622
-1.26186
00:07:402: <MSG>: 
0.0918644
0.0833944
0.0140778
0.0193891
-1.26484
-1.27032
00:07:434: <MSG>: 
0.0973737
0.0867022
0.00708552
0.0118752
-1.2608
-1.27277
00:07:481: <MSG>: 
0.0978422
0.0960662
0.00873818
0.00223004
-1.2522
-1.26644
00:07:501: <MSG>: 
0.0860675
0.101781
0.0225183
0.00133365
-1.26001
-1.2521
00:07:543: <MSG>: 
0.081669
0.0932653
0.0246175
0.0162748
-1.25122
-1.24932
00:07:572: <MSG>: 
0.0763083
0.0804262
0.0252153
0.0272934
-1.26063
-1.2498
00:07:601: <MSG>: 
0.0732473
0.0623609
0.0389338
0.0417124
-1.25511
-1.25704
00:07:638: <MSG>: 
0.0679593
0.0627333
0.049581
0.0479749
-1.25031
-1.25821
00:07:671: <MSG>: 
0.0517636
0.0646995
0.0573658
0.0543307
-1.24623
-1.25166
00:07:713: <MSG>: 
0.0528989
0.0483941
0.0750003
0.0678071
-1.28523
-1.24416
00:07:735: <MSG>: 
0.0507222
0.0430325
0.0868328
0.0859413
-1.23877
-1.28051
00:07:773: <MSG>: 
0.0484289
0.0423326
0.112074
0.103231
-1.27438
-1.25741
00:07:802: <MSG>: 
0.0609016
0.0454666
0.126703
0.124708
-1.26111
-1.27036
00:07:839: <MSG>: 
0.0538509
0.0605117
0.145103
0.147701
-1.24327
-1.26541
00:07:874: <MSG>: 
0.0570381
0.0610169
0.164986
0.164584
-1.27099
-1.24256
00:07:905: <MSG>: 
0.0630359
0.06183
0.1835
0.187246
-1.2573
-1.25694
00:07:933: <MSG>: 
0.0596786
0.0651929
0.201676
0.203374
-1.26216
-1.25973
00:07:974: <MSG>: 
0.0736083
0.061375
0.198088
0.212576
-1.2682
-1.26375
00:08:004: <MSG>: 
0.0720874
0.0733987
0.205778
0.218997
-1.25738
-1.27301
00:08:034: <MSG>: 
0.0729272
0.0794267
0.213539
0.216518
-1.28079
-1.26465
00:08:076: <MSG>: 
0.0853189
0.0779957
0.208602
0.215683
-1.28057
-1.27913
00:08:102: <MSG>: 
0.0874448
0.086937
0.202678
0.209199
-1.27391
-1.28535
00:08:139: <MSG>: 
0.0960603
0.0930733
0.198408
0.199983
-1.29412
-1.28068
00:08:171: <MSG>: 
0.108863
0.104372
0.179368
0.190116
-1.28234
-1.29584
00:08:211: <MSG>: 
0.116654
0.11733
0.16295
0.171701
-1.28272
-1.29122
00:08:234: <MSG>: 
0.114829
0.120509
0.16283
0.158157
-1.28553
-1.28321
00:08:280: <MSG>: 
0.128848
0.128814
0.136965
0.138083
-1.27744
-1.28086
00:08:302: <MSG>: 
0.124617
0.131243
0.139376
0.131695
-1.28189
-1.27672
00:08:335: <MSG>: 
0.140777
0.135274
0.109426
0.115005
-1.27714
-1.27568
00:08:371: <MSG>: 
0.148868
0.142761
0.0984571
0.102407
-1.27749
-1.27642
00:08:409: <MSG>: 
0.154909
0.155201
0.0882372
0.0837769
-1.26418
-1.27711
00:08:438: <MSG>: 
0.149951
0.164825
0.0853026
0.0709228
-1.25522
-1.26439
00:08:472: <MSG>: 
0.145673
0.161352
0.0767896
0.0679007
-1.25349
-1.24725
00:08:502: <MSG>: 
0.136532
0.147493
0.0730618
0.0694269
-1.25242
-1.24145
00:08:537: <MSG>: 
0.127572
0.131706
0.0735012
0.0713453
-1.24468
-1.24638
00:08:572: <MSG>: 
0.116658
0.117304
0.0796486
0.0731981
-1.24349
-1.24281
00:08:604: <MSG>: 
0.109428
0.103106
0.085583
0.0803832
-1.2444
-1.24055
00:08:635: <MSG>: 
0.101276
0.0937427
0.0903824
0.0900185
-1.24476
-1.24146
00:08:671: <MSG>: 
0.0804041
0.0870791
0.102073
0.0989163
-1.25025
-1.24381
00:08:715: <MSG>: 
0.0740621
0.0742352
0.107475
0.107843
-1.2461
-1.25102
00:08:734: <MSG>: 
0.0581435
0.0592003
0.120736
0.119191
-1.25604
-1.25192
00:08:774: <MSG>: 
0.0490793
0.0515095
0.128285
0.12581
-1.26125
-1.2571
00:08:803: <MSG>: 
0.0602053
0.0441815
0.129316
0.132197
-1.2789
-1.26293
00:08:839: <MSG>: 
0.0450538
0.0411057
0.142944
0.145006
-1.27846
-1.28812
00:08:871: <MSG>: 
0.0439098
0.0411083
0.15488
0.151365
-1.29975
-1.29232
00:08:903: <MSG>: 
0.0517081
0.0418669
0.16356
0.162393
-1.28864
-1.309
00:08:935: <MSG>: 
0.0544522
0.050765
0.181685
0.176372
-1.30834
-1.30651
00:08:968: <MSG>: 
0.0597898
0.0561904
0.186325
0.185889
-1.3059
-1.30967
00:09:007: <MSG>: 
0.0598187
0.0668735
0.200514
0.20127
-1.31421
-1.31071
00:09:038: <MSG>: 
0.0533106
0.0658068
0.201929
0.210326
-1.32819
-1.31583
00:09:081: <MSG>: 
0.0575291
0.0600955
0.218671
0.221812
-1.33505
-1.33441
00:09:101: <MSG>: 
0.0597286
0.0566102
0.211688
0.222736
-1.33528
-1.33991
00:09:140: <MSG>: 
0.0629814
0.0545349
0.218587
0.222529
-1.36
-1.35193
00:09:170: <MSG>: 
0.0666334
0.0623965
0.205532
0.218996
-1.33301
-1.36283
00:09:203: <MSG>: 
0.0619099
0.0707891
0.20157
0.20416
-1.36946
-1.35111
00:09:236: <MSG>: 
0.0729961
0.0672738
0.187356
0.193124
-1.37402
-1.36611
00:09:274: <MSG>: 
0.0785801
0.0733549
0.173857
0.181953
-1.33705
-1.37754
00:09:301: <MSG>: 
0.0748112
0.0832254
0.163647
0.157839
-1.33869
-1.35027
00:09:340: <MSG>: 
0.0774484
0.0823847
0.145039
0.143687
-1.33183
-1.3259
00:09:371: <MSG>: 
0.0717796
0.0782994
0.14787
0.139399
-1.34228
-1.32504
00:09:410: <MSG>: 
0.0824589
0.0709917
0.132039
0.128841
-1.3389
-1.32269
00:09:432: <MSG>: 
0.0878178
0.0778002
0.114844
0.122054
-1.32485
-1.33389
00:09:471: <MSG>: 
0.087584
0.0890251
0.105961
0.110258
-1.31175
-1.32745
00:09:501: <MSG>: 
0.0967431
0.0944944
0.0951493
0.0954675
-1.31401
-1.31099
00:09:538: <MSG>: 
0.104443
0.103468
0.0817825
0.0813464
-1.29514
-1.3045
00:09:575: <MSG>: 
0.113191
0.112928
0.0712049
0.0668693
-1.27723
-1.28674
00:09:604: <MSG>: 
0.121767
0.121543
0.0627426
0.0576717
-1.26397
-1.26449
00:09:634: <MSG>: 
0.125739
0.127732
0.0583183
0.054863
-1.26048
-1.25146
00:09:675: <MSG>: 
0.12962
0.134248
0.049198
0.0499637
-1.25328
-1.2426
00:09:702: <MSG>: 
0.131248
0.135645
0.042909
0.0439304
-1.24802
-1.24271
00:09:733: <MSG>: 
0.126997
0.136694
0.0383939
0.0353207
-1.24301
-1.23997
00:09:778: <MSG>: 
0.125536
0.129139
0.0385444
0.0323223
-1.25187
-1.23933
00:09:801: <MSG>: 
0.126211
0.12324
0.0464077
0.0333219
-1.24224
-1.24927
00:09:834: <MSG>: 
0.125032
0.119952
0.0519468
0.0429212
-1.25404
-1.24755
00:09:878: <MSG>: 
0.128624
0.123747
0.0610782
0.0538793
-1.24762
-1.25408
00:09:902: <MSG>: 
0.129952
0.128527
0.0737137
0.0711097
-1.24985
-1.25158
00:09:934: <MSG>: 
0.14202
0.13318
0.0897388
0.0902744
-1.2532
-1.25001
00:09:971: <MSG>: 
0.137992
0.145369
0.110139
0.104448
-1.25281
-1.25242
00:10:003: <MSG>: 
0.14022
0.144872
0.130334
0.122565
-1.26336
-1.25358
00:10:033: <MSG>: 
0.152534
0.144272
0.153735
0.147667
-1.26991
-1.26446
00:10:075: <MSG>: 
0.151588
0.15366
0.172468
0.168704
-1.27136
-1.27427
00:10:109: <MSG>: 
0.146494
0.155503
0.166091
0.188521
-1.27565
-1.27731
00:10:135: <MSG>: 
0.147301
0.154544
0.20359
0.209902
-1.28854
-1.2881
00:10:174: <MSG>: 
0.138395
0.147355
0.207611
0.212757
-1.28929
-1.29271
00:10:201: <MSG>: 
0.140269
0.133906
0.218275
0.220453
-1.30354
-1.29724
00:10:242: <MSG>: 
0.137947
0.130256
0.226614
0.228003
-1.30349
-1.30942
00:10:272: <MSG>: 
0.135686
0.134234
0.229661
0.231653
-1.31306
-1.30926
00:10:304: <MSG>: 
0.128417
0.134531
0.229175
0.23553
-1.32723
-1.31771
00:10:336: <MSG>: 
0.121475
0.127887
0.22073
0.234786
-1.33126
-1.33459
00:10:378: <MSG>: 
0.128798
0.117146
0.21102
0.223245
-1.33464
-1.34545
00:10:402: <MSG>: 
0.126276
0.124444
0.207825
0.207853
-1.31373
-1.34111
00:10:438: <MSG>: 
0.119099
0.125185
0.196235
0.192182
-1.32026
-1.32002
00:10:473: <MSG>: 
0.126603
0.119169
0.200173
0.190995
-1.32484
-1.31587
00:10:513: <MSG>: 
0.114054
0.122253
0.191256
0.187312
-1.30987
-1.3117
00:10:547: <MSG>: 
0.110626
0.115184
0.183348
0.185003
-1.31133
-1.30317
00:10:608: <MSG>: 
0.10068
0.107333
0.175659
0.180914
-1.30556
-1.30571
00:10:619: <MSG>: 
0.0902423
0.0898415
0.161808
0.169332
-1.29933
-1.30271
00:10:641: <MSG>: 
0.0981835
0.0872936
0.150738
0.159864
-1.3051
-1.29882
00:10:668: <MSG>: 
0.0986637
0.0919473
0.134237
0.143598
-1.28568
-1.30267
00:10:700: <MSG>: 
0.0870135
0.0973898
0.120104
0.126039
-1.28002
-1.28582
00:10:738: <MSG>: 
0.100835
0.0878773
0.104928
0.107781
-1.28668
-1.2744
00:10:770: <MSG>: 
0.0929436
0.0970116
0.0942308
0.0833981
-1.24197
-1.27533
00:10:803: <MSG>: 
0.081092
0.0960203
0.0823635
0.0640812
-1.25247
-1.23471
00:10:833: <MSG>: 
0.100349
0.081598
0.0711573
0.0616088
-1.24189
-1.2279
00:10:883: <MSG>: 
0.0889329
0.093098
0.0660935
0.0607264
-1.20957
-1.22752
00:10:905: <MSG>: 
0.0882721
0.0909276
0.0765174
0.0616173
-1.24256
-1.20377
00:10:937: <MSG>: 
0.0954262
0.0887161
0.0712912
0.0721212
-1.21917
-1.21557
00:10:974: <MSG>: 
0.10092
0.0949524
0.0660965
0.0734452
-1.20762
-1.22066
00:11:003: <MSG>: 
0.106097
0.103673
0.0692801
0.0708883
-1.2035
-1.21337
00:11:033: <MSG>: 
0.113285
0.112874
0.0688717
0.0698521
-1.20576
-1.20152
00:11:075: <MSG>: 
0.120996
0.11869
0.0691933
0.0686144
-1.19409
-1.20058
00:11:101: <MSG>: 
0.116493
0.1276
0.0780421
0.0684255
-1.19752
-1.18994
00:11:136: <MSG>: 
0.118588
0.128423
0.0791786
0.0772741
-1.20015
-1.18634
00:11:174: <MSG>: 
0.110541
0.119912
0.0772378
0.0812541
-1.20192
-1.19823
00:11:202: <MSG>: 
0.104717
0.107601
0.0836336
0.0835668
-1.21068
-1.20588
00:11:236: <MSG>: 
0.106458
0.0971195
0.0906104
0.086926
-1.22522
-1.21609
00:11:270: <MSG>: 
0.0943412
0.0973964
0.100296
0.0939212
-1.23137
-1.23311
00:11:307: <MSG>: 
0.0906696
0.0905449
0.112841
0.104953
-1.23403
-1.24262
00:11:336: <MSG>: 
0.0775034
0.083373
0.13527
0.123497
-1.24085
-1.24866
00:11:376: <MSG>: 
0.0722393
0.0713964
0.16113
0.148586
-1.27206
-1.24855
00:11:413: <MSG>: 
0.0854394
0.0692636
0.16784
0.16744
-1.26198
-1.27316
00:11:432: <MSG>: 
0.0716826
0.0736989
0.209879
0.203609
-1.29161
-1.28439
00:11:476: <MSG>: 
0.0649565
0.072096
0.214366
0.232025
-1.28413
-1.3001
00:11:501: <MSG>: 
0.0775201
0.0642346
0.23547
0.249624
-1.2913
-1.30076
00:11:546: <MSG>: 
0.0723079
0.0737874
0.246938
0.252905
-1.29942
-1.29608
00:11:570: <MSG>: 
0.0932453
0.0735903
0.23279
0.253009
-1.31585
-1.29968
00:11:600: <MSG>: 
0.0990888
0.0964066
0.239028
0.248701
-1.31148
-1.31981
00:11:645: <MSG>: 
0.0817252
0.103181
0.239293
0.238551
-1.32005
-1.31511
00:11:682: <MSG>: 
0.114922
0.10566
0.218902
0.227411
-1.33415
-1.33088
00:11:702: <MSG>: 
0.123592
0.117772
0.197934
0.21134
-1.3215
-1.34453
00:11:744: <MSG>: 
0.141799
0.127955
0.180459
0.191348
-1.32424
-1.32793
00:11:771: <MSG>: 
0.14008
0.145417
0.178786
0.174134
-1.32392
-1.32365
00:11:801: <MSG>: 
0.145475
0.167367
0.145085
0.142255
-1.32133
-1.31829
00:11:842: <MSG>: 
0.158467
0.158649
0.122612
0.126237
-1.31986
-1.3182
00:11:871: <MSG>: 
0.157063
0.160084
0.120303
0.11282
-1.30271
-1.31892
00:11:902: <MSG>: 
0.140494
0.161113
0.0999691
0.0925364
-1.28785
-1.3014
00:11:936: <MSG>: 
0.13717
0.141995
0.0902188
0.0829549
-1.28895
-1.27864
00:11:969: <MSG>: 
0.127655
0.129221
0.0852117
0.0781996
-1.27632
-1.27451
00:12:004: <MSG>: 
0.106312
0.113477
0.07725
0.0729416
-1.27968
-1.26258
00:12:034: <MSG>: 
0.0985314
0.0940983
0.0706646
0.0708815
-1.28319
-1.26951
00:12:075: <MSG>: 
0.0810609
0.0831643
0.0649311
0.0665935
-1.27557
-1.2817
00:12:102: <MSG>: 
0.0670653
0.0688539
0.0637937
0.0610657
-1.2862
-1.2804
00:12:140: <MSG>: 
0.0488339
0.0487275
0.0528081
0.0573549
-1.30912
-1.28904
00:12:170: <MSG>: 
0.0566924
0.0403399
0.0400359
0.0507468
-1.31459
-1.31195
00:12:202: <MSG>: 
0.0570052
0.0388286
0.0293306
0.0329494
-1.30468
-1.33264
00:12:237: <MSG>: 
0.061132
0.0479392
0.0155076
0.0142192
-1.31543
-1.32668
00:12:270: <MSG>: 
0.0891334
0.0629004
0.00316986
0.00403759
-1.31004
-1.318
00:12:309: <MSG>: 
0.08467
0.0971853
-0.00649351
-0.00859647
-1.29248
-1.30757
00:12:334: <MSG>: 
0.0860774
0.101588
-0.0107411
-0.01665
-1.31383
-1.28733
00:12:374: <MSG>: 
0.107958
0.10648
-0.0254041
-0.0265729
-1.28602
-1.29509
00:12:402: <MSG>: 
0.0895838
0.114793
-0.0319538
-0.0334007
-1.28756
-1.28513
00:12:435: <MSG>: 
0.104317
0.101267
-0.0506577
-0.0436187
-1.2919
-1.27989
00:12:637: <MSG>: 
0.101943
0.102548
-0.0193197
-0.0541611
-1.26291
-1.28993
00:12:670: <MSG>: 
0.104755
0.0995434
-0.021289
-0.0310066
-1.27408
-1.2648
00:12:703: <MSG>: 
0.102414
0.104119
-0.00341248
-0.0186027
-1.25999
-1.27037
00:12:733: <MSG>: 
0.107542
0.103771
0.0184302
0.00321012
-1.28567
-1.25969
00:12:770: <MSG>: 
0.11501
0.10791
0.0281781
0.0321088
-1.27394
-1.28015
00:12:803: <MSG>: 
0.117712
0.117206
0.0270763
0.0487296
-1.26801
-1.28135
00:12:835: <MSG>: 
0.124246
0.126439
0.0460694
0.0563057
-1.26814
-1.27498
00:12:880: <MSG>: 
0.120421
0.127801
0.0426934
0.0513575
-1.27031
-1.26708
00:12:904: <MSG>: 
0.121502
0.124961
0.0365993
0.0461943
-1.27266
-1.26546
00:12:943: <MSG>: 
0.123064
0.123149
0.0275216
0.0357715
-1.26808
-1.26763
00:12:975: <MSG>: 
0.116118
0.122694
0.0308571
0.0236527
-1.25967
-1.268
00:13:003: <MSG>: 
0.1144
0.115137
0.0180535
0.0139924
-1.26308
-1.25988
00:13:034: <MSG>: 
0.120763
0.113145
0.0221427
0.0160688
-1.2654
-1.26176
00:13:072: <MSG>: 
0.118424
0.115381
0.0196165
0.0171773
-1.25559
-1.26244
00:13:113: <MSG>: 
0.103027
0.118307
0.022623
0.0191342
-1.2531
-1.25532
00:13:133: <MSG>: 
0.0970863
0.105542
0.0255565
0.023707
-1.25887
-1.24613
00:13:177: <MSG>: 
0.0924815
0.0935251
0.0261063
0.0269151
-1.26547
-1.25594
00:13:216: <MSG>: 
0.111471
0.0874388
0.0193055
0.0276853
-1.25789
-1.26626
00:13:241: <MSG>: 
0.0918544
0.0877632
0.0252479
0.0254149
-1.26624
-1.27242
00:13:271: <MSG>: 
0.0953712
0.0927538
0.0250299
0.024074
-1.26664
-1.26843
00:13:303: <MSG>: 
0.0961721
0.0963156
0.0260825
0.0245917
-1.26554
-1.26646
00:13:334: <MSG>: 
0.0923065
0.101485
0.0250366
0.0249689
-1.26662
-1.26372
00:13:371: <MSG>: 
0.0931975
0.0977351
0.0240961
0.0248453
-1.26878
-1.26413
00:13:408: <MSG>: 
0.0954919
0.0931156
0.0233568
0.0240083
-1.26684
-1.26835
00:13:440: <MSG>: 
0.0949352
0.0930621
0.0263179
0.0228502
-1.26632
-1.26861
00:13:476: <MSG>: 
0.0954077
0.0931452
0.0267471
0.0250963
-1.26828
-1.26778
00:13:502: <MSG>: 
0.0964727
0.0952623
0.0262249
0.0271835
-1.26578
-1.26821
00:13:537: <MSG>: 
0.0969295
0.0977278
0.0282666
0.0286936
-1.26598
-1.26595
00:13:570: <MSG>: 
0.0962035
0.0977565
0.0267422
0.0289529
-1.26636
-1.26536
00:13:605: <MSG>: 
0.0968946
0.0975412
0.0279255
0.0280045
-1.26616
-1.26499
00:13:634: <MSG>: 
0.0968933
0.0971749
0.0283712
0.0278266
-1.26585
-1.26559
00:13:669: <MSG>: 
0.0977653
0.0968591
0.0285574
0.0282145
-1.26688
-1.26584
00:13:704: <MSG>: 
0.0970759
0.0976146
0.0277584
0.0286693
-1.26552
-1.26699
00:13:735: <MSG>: 
0.0968864
0.0974006
0.0279528
0.0281015
-1.26722
-1.26625
00:13:776: <MSG>: 
0.0966852
0.0969001
0.0278433
0.0278055
-1.26625
-1.26714
00:13:803: <MSG>: 
0.0973019
0.0964282
0.0286901
0.0276006
-1.26739
-1.26667
00:13:838: <MSG>: 
0.0970316
0.0969248
0.0277004
0.0284633
-1.26585
-1.26733
00:13:880: <MSG>: 
0.0968343
0.0971195
0.027273
0.0280454
-1.26607
-1.26617
00:13:901: <MSG>: 
0.0969245
0.0969629
0.0278736
0.0272276
-1.26597
-1.26567
00:13:942: <MSG>: 
0.0973832
0.0969182
0.0281413
0.0273474
-1.26705
-1.26539
00:13:973: <MSG>: 
0.0969137
0.0973704
0.0281344
0.0280812
-1.26516
-1.26688
00:14:004: <MSG>: 
0.0971274
0.0972525
0.0284182
0.0285987
-1.2658
-1.266
00:14:036: <MSG>: 
0.0973592
0.0971111
0.0279095
0.0287123
-1.26569
-1.26548
00:14:072: <MSG>: 
0.0970921
0.0972854
0.0284918
0.0281184
-1.2655
-1.26529
00:14:107: <MSG>: 
0.097366
0.0971265
0.0278742
0.0283543
-1.26553
-1.26523
00:14:135: <MSG>: 
0.0971293
0.0973032
0.0279029
0.0278911
-1.26542
-1.26526
00:14:177: <MSG>: 
0.0971689
0.0972056
0.027698
0.0276415
-1.26536
-1.26532
00:14:202: <MSG>: 
0.0972614
0.0971594
0.0278898
0.0275956
-1.26536
-1.26536
00:14:234: <MSG>: 
0.0976161
0.0971924
0.0276991
0.027556
-1.26707
-1.26539
00:14:281: <MSG>: 
0.097227
0.0976231
0.0276454
0.0276773
-1.26576
-1.26708
00:14:302: <MSG>: 
0.0971048
0.0974024
0.0276304
0.027672
-1.26541
-1.26643
00:14:334: <MSG>: 
0.0971652
0.0971497
0.0276536
0.0276615
-1.26566
-1.26574
00:14:379: <MSG>: 
0.097158
0.0970794
0.0282654
0.0276524
-1.26562
-1.26545
00:14:408: <MSG>: 
0.0971199
0.0970464
0.0276382
0.0282597
-1.26554
-1.26528
00:14:447: <MSG>: 
0.0970846
0.09704
0.0284869
0.0279707
-1.26553
-1.26526
00:14:480: <MSG>: 
0.0970202
0.0970203
0.0284205
0.028481
-1.26536
-1.26531
00:14:525: <MSG>: 
0.0972287
0.0970061
0.0286614
0.0286483
-1.26681
-1.26536
00:14:545: <MSG>: 
0.0969419
0.0972225
0.0276394
0.0287483
-1.26476
-1.26683
00:14:571: <MSG>: 
0.0970555
0.0971131
0.0283972
0.0280152
-1.26577
-1.26609
00:14:601: <MSG>: 
0.0970691
0.09704
0.0279747
0.0282721
-1.26582
-1.26567
00:14:634: <MSG>: 
0.0970249
0.0969872
0.0278714
0.0278166
-1.26557
-1.26533
00:14:671: <MSG>: 
0.0970239
0.0969745
0.0283708
0.0276135
-1.26547
-1.26525
00:14:713: <MSG>: 
0.0970374
0.0969883
0.0277434
0.0281257
-1.26545
-1.26524
00:14:734: <MSG>: 
0.0970397
0.0970211
0.0284905
0.0278578
-1.2654
-1.26529
00:14:790: <MSG>: 
0.0970002
0.0970526
0.0274293
0.028374
-1.26538
-1.26534
00:14:845: <MSG>: 
0.0969848
0.0970348
0.0279468
0.0278516
-1.26538
-1.2654
00:14:884: <MSG>: 
0.0969795
0.0969756
0.0277848
0.0276222
-1.2654
-1.26542
00:14:922: <MSG>: 
0.0969695
0.0969448
0.0277115
0.0275838
-1.26541
-1.26542
00:14:940: <MSG>: 
0.0969086
0.0969353
0.0281748
0.0275963
-1.2654
-1.26542
00:14:962: <MSG>: 
0.0968713
0.0968997
0.0283071
0.0281567
-1.2654
-1.2654
00:14:980: <MSG>: 
0.0968264
0.0968506
0.0284563
0.0284899
-1.2654
-1.2654
